1100221100000000000000000000000000000
1100222100000002000000000000000000000
1011202000010000002200000000000000000
1011020101010000000000000000000000000
0000101000000100000000000000100000000
0000111000000000001000000000000000000
1001101000010000001000000000000000010
0000001000010000000000000000000000010
0001101000110000000100000000000000000
1011101100110000010010000000000000111
1000000100000000010000000000000000011
0000000000000000010000000000000000011
0000000000000000000000000000000000000
0000000000000000000000000000000000000
0000000000000000000000000000000000000
