1100221100000000000000000000000000000
1100221101000020021110000000000000000
2002020200000220221000000000002000020
0022202200220020002200000020020000020
0002202000000200000200000020020000000
0000022000000002022220000000000000000
0000022000000002200200000000000000000
2000202020000022000000000000000200000
2002200200000000000200000000000200000
0002220200000000000020000000000020000
0000220000000000000000000000000222000
0000020000000002200000000000000222000
0000000000000002200000000000000000000
0000000000000000000000000000000000000
0000000000000000000000000000000000000
