1100221100000000000000000000000000000
1110021101110000000110000000000000000
0010010001100000010000000000000000000
0000110001110000010000000000000000000
0011110100111001110000000000000000000
0011011001111000111000000000000000000
1110011111110001111100001100000010001
0110110000010001111100000110000000011
0000001000000000001000000110000000001
0100000000010000000110000111000000010
1000000100010000001110000100000000010
0001001000010000000110000000000000000
1111010001000000101100000100000000000
0110011100100000001110000100000000000
1110001110100000000100001000000000000
