1100221100000000000000000000000000000
1100221110000200000000000000000000000
1111220111000200000000100000000000000
2221211110000200110101100000000010000
2101210110010000100011000000000000001
2000021000000002021110000000000000010
2000000100000000000010000000000000001
0000000000000000000000000000000000000
0000000000000000000100000000000000000
0000000000000000000000000000000000000
0000000000000000000000000000000000000
0000000000000000000000000000000000000
0000000000000000000000000000000000000
0000000000000000000000000000000000000
0000000000000000000000000000000000000
