1100221100000000000000000000000000000
1100111100000000100100000000000000000
1001111000010001100000000000000000110
1000110000000001100000000000000000110
0000000000000000010000000000000000010
0000000000000000000000000000000000000
0000000000000000000000000000000000000
0000000000000000000000000000000000000
0000000000000000000000000000000000000
0000000000000000000000000000000000000
0000000000000000000000000000000000000
0000000000000000000000000000000000000
0000000000000000000000000000000000000
0000000000000000000000000000000000000
0000000000000000000000000000000000000
