1100221100000000000000000000000000000
2202221120000000001100000000000000000
2222222020000002211102200000000022111
2200022210000000211022000000000022111
0000020020000000210020200000000000110
2200222000000220110000000000002001110
2222010002222200010020000200002221111
2222112202220222122020222220000221121
2222122222220011122220222200002211222
2222222222200022122200020200002201112
2220222220220222222220020200002222120
0220222222202222022220220000002221122
2220200222220222222000020220222221222
2220022202220222222020022202202211222
0220002202202020112022220202000211220
