1100221100000000000000000000000000000
2100221100000202000000000000000000000
0000222100000222222000000000000000000
0000222100000222222000000000000000000
2002020200000200222200000000000000022
0000000000000000200200000000000000000
0000020000000000000000000000000000000
2000220200000220022200000000000000000
2002200200000220002220000000020000020
2002022000002200000000000002220000020
2020002000220000000000020000000000000
0002000000200200000000020000220000000
0200000000000222000000000000220000000
0000200200000200000000000000022000000
0000200000000002000000000000020000000
